Course("101", [[(1, 3, 1.5), (3, 3, 1.5)], [(0, 5, 1.5), (2, 5, 1.5)], [(1, 3, 1.5), (3, 3, 1.5)]], 33),
Course("102", [[(0, 2, 1.5), (2, 2, 1.5)], [(2, 0, 1.5), (4, 0, 1.5)], [(2, 0, 1.5), (4, 0, 1.5)]], 36),
Course("103", [[(2, 4, 1.5), (4, 4, 1.5)], [(0, 5, 1.5), (2, 5, 1.5)], [(1, 3, 1.5), (3, 3, 1.5)]], 36),
Course("104", [[(1, 2, 1.5), (3, 2, 1.5)], [(0, 4, 1.5), (2, 4, 1.5)], [(2, 5, 1.5), (4, 5, 1.5)]], 44),
Course("105", [[(2, 1, 1.5), (4, 1, 1.5)], [(2, 1, 1.5), (4, 1, 1.5)], [(0, 0, 1.5), (2, 0, 1.5)]], 49),
Course("106", [[(2, 1, 1.5), (4, 1, 1.5)], [(1, 3, 1.5), (3, 3, 1.5)], [(0, 4, 1.5), (2, 4, 1.5)]], 49),
Course("107", [[(0, 4, 1.5), (2, 4, 1.5)], [(0, 1, 1.5), (2, 1, 1.5)], [(0, 2, 1.5), (2, 2, 1.5)]], 37),
Course("108", [[(1, 0, 3)], [(2, 1, 3)], [(4, 0, 3)]], 22),
Course("109", [[(1, 1, 3)], [(3, 3, 3)], [(3, 2, 3)]], 25),
Course("110", [[(1, 2, 3)], [(2, 3, 3)], [(4, 2, 3)]], 32),
Course("111", [[(0, 0, 3)], [(3, 1, 3)], [(4, 2, 3)]], 15),
Course("112", [[(0, 1, 3)], [(3, 4, 3)], [(3, 2, 3)]], 38),
Course("113", [[(1, 1, 3)], [(2, 0, 3)], [(3, 1, 3)]], 31),
Course("114", [[(0, 4, 3)], [(0, 3, 3)], [(2, 3, 3)]], 25),
Course("115", [[(0, 0, 1.5), (2, 0, 1.5)], [(0, 1, 1.5), (2, 1, 1.5)], [(0, 2, 1.5), (2, 2, 1.5)], [(0, 3, 1.5), (2, 3, 1.5)], [(0, 4, 1.5), (2, 4, 1.5)], [(0, 5, 1.5), (2, 5, 1.5)]], 27),
Course("116", [[(2, 0, 1.5), (4, 0, 1.5)], [(2, 1, 1.5), (4, 1, 1.5)], [(2, 2, 1.5), (4, 2, 1.5)], [(2, 3, 1.5), (4, 3, 1.5)], [(2, 4, 1.5), (4, 4, 1.5)], [(2, 5, 1.5), (4, 5, 1.5)]], 47),
Course("117", [[(2, 0, 1.5), (4, 0, 1.5)], [(2, 1, 1.5), (4, 1, 1.5)], [(2, 2, 1.5), (4, 2, 1.5)], [(2, 3, 1.5), (4, 3, 1.5)], [(2, 4, 1.5), (4, 4, 1.5)], [(2, 5, 1.5), (4, 5, 1.5)]], 29),
Course("118", [[(0, 0, 1.5), (2, 0, 1.5)], [(0, 1, 1.5), (2, 1, 1.5)], [(0, 2, 1.5), (2, 2, 1.5)], [(0, 3, 1.5), (2, 3, 1.5)], [(0, 4, 1.5), (2, 4, 1.5)], [(0, 5, 1.5), (2, 5, 1.5)]], 34),
Course("119", [[(2, 0, 1.5), (4, 0, 1.5)], [(2, 1, 1.5), (4, 1, 1.5)], [(2, 2, 1.5), (4, 2, 1.5)], [(2, 3, 1.5), (4, 3, 1.5)], [(2, 4, 1.5), (4, 4, 1.5)], [(2, 5, 1.5), (4, 5, 1.5)]], 27),
Course("120", [[(1, 0, 1.5), (3, 0, 1.5)], [(1, 1, 1.5), (3, 1, 1.5)], [(1, 2, 1.5), (3, 2, 1.5)], [(1, 3, 1.5), (3, 3, 1.5)], [(1, 4, 1.5), (3, 4, 1.5)], [(1, 5, 1.5), (3, 5, 1.5)]], 31),
Course("121", [[(2, 0, 1.5), (4, 0, 1.5)], [(2, 1, 1.5), (4, 1, 1.5)], [(2, 2, 1.5), (4, 2, 1.5)], [(2, 3, 1.5), (4, 3, 1.5)], [(2, 4, 1.5), (4, 4, 1.5)], [(2, 5, 1.5), (4, 5, 1.5)]], 21),
Course("122", [[(0, 0, 3)], [(0, 1, 3)], [(0, 2, 3)], [(0, 3, 3)], [(0, 4, 3)]], 14),
Course("123", [[(0, 0, 3)], [(0, 1, 3)], [(0, 2, 3)], [(0, 3, 3)], [(0, 4, 3)]], 13),
Course("124", [[(1, 0, 3)], [(1, 1, 3)], [(1, 2, 3)], [(1, 3, 3)], [(1, 4, 3)]], 45),
Course("125", [[(4, 0, 3)], [(4, 1, 3)], [(4, 2, 3)], [(4, 3, 3)], [(4, 4, 3)]], 27),
Course("126", [[(2, 0, 3)], [(2, 1, 3)], [(2, 2, 3)], [(2, 3, 3)], [(2, 4, 3)]], 23),
Course("127", [[(1, 0, 3)], [(1, 1, 3)], [(1, 2, 3)], [(1, 3, 3)], [(1, 4, 3)]], 38),
Course("128", [[(1, 0, 3)], [(1, 1, 3)], [(1, 2, 3)], [(1, 3, 3)], [(1, 4, 3)]], 47),
Course("129", [[(0, 0, 1.5), (2, 0, 1.5)], [(0, 1, 1.5), (2, 1, 1.5)], [(0, 2, 1.5), (2, 2, 1.5)], [(0, 3, 1.5), (2, 3, 1.5)], [(0, 4, 1.5), (2, 4, 1.5)], [(0, 5, 1.5), (2, 5, 1.5)], [(1, 0, 1.5), (3, 0, 1.5)], [(1, 1, 1.5), (3, 1, 1.5)], [(1, 2, 1.5), (3, 2, 1.5)], [(1, 3, 1.5), (3, 3, 1.5)], [(1, 4, 1.5), (3, 4, 1.5)], [(1, 5, 1.5), (3, 5, 1.5)], [(2, 0, 1.5), (4, 0, 1.5)], [(2, 1, 1.5), (4, 1, 1.5)], [(2, 2, 1.5), (4, 2, 1.5)], [(2, 3, 1.5), (4, 3, 1.5)], [(2, 4, 1.5), (4, 4, 1.5)], [(2, 5, 1.5), (4, 5, 1.5)]], 20),
Course("130", [[(0, 0, 1.5), (2, 0, 1.5)], [(0, 1, 1.5), (2, 1, 1.5)], [(0, 2, 1.5), (2, 2, 1.5)], [(0, 3, 1.5), (2, 3, 1.5)], [(0, 4, 1.5), (2, 4, 1.5)], [(0, 5, 1.5), (2, 5, 1.5)], [(1, 0, 1.5), (3, 0, 1.5)], [(1, 1, 1.5), (3, 1, 1.5)], [(1, 2, 1.5), (3, 2, 1.5)], [(1, 3, 1.5), (3, 3, 1.5)], [(1, 4, 1.5), (3, 4, 1.5)], [(1, 5, 1.5), (3, 5, 1.5)], [(2, 0, 1.5), (4, 0, 1.5)], [(2, 1, 1.5), (4, 1, 1.5)], [(2, 2, 1.5), (4, 2, 1.5)], [(2, 3, 1.5), (4, 3, 1.5)], [(2, 4, 1.5), (4, 4, 1.5)], [(2, 5, 1.5), (4, 5, 1.5)]], 17),
Course("131", [[(0, 0, 1.5), (2, 0, 1.5)], [(0, 1, 1.5), (2, 1, 1.5)], [(0, 2, 1.5), (2, 2, 1.5)], [(0, 3, 1.5), (2, 3, 1.5)], [(0, 4, 1.5), (2, 4, 1.5)], [(0, 5, 1.5), (2, 5, 1.5)], [(1, 0, 1.5), (3, 0, 1.5)], [(1, 1, 1.5), (3, 1, 1.5)], [(1, 2, 1.5), (3, 2, 1.5)], [(1, 3, 1.5), (3, 3, 1.5)], [(1, 4, 1.5), (3, 4, 1.5)], [(1, 5, 1.5), (3, 5, 1.5)], [(2, 0, 1.5), (4, 0, 1.5)], [(2, 1, 1.5), (4, 1, 1.5)], [(2, 2, 1.5), (4, 2, 1.5)], [(2, 3, 1.5), (4, 3, 1.5)], [(2, 4, 1.5), (4, 4, 1.5)], [(2, 5, 1.5), (4, 5, 1.5)]], 23),
Course("132", [[(0, 0, 1.5), (2, 0, 1.5)], [(0, 1, 1.5), (2, 1, 1.5)], [(0, 2, 1.5), (2, 2, 1.5)], [(0, 3, 1.5), (2, 3, 1.5)], [(0, 4, 1.5), (2, 4, 1.5)], [(0, 5, 1.5), (2, 5, 1.5)], [(1, 0, 1.5), (3, 0, 1.5)], [(1, 1, 1.5), (3, 1, 1.5)], [(1, 2, 1.5), (3, 2, 1.5)], [(1, 3, 1.5), (3, 3, 1.5)], [(1, 4, 1.5), (3, 4, 1.5)], [(1, 5, 1.5), (3, 5, 1.5)], [(2, 0, 1.5), (4, 0, 1.5)], [(2, 1, 1.5), (4, 1, 1.5)], [(2, 2, 1.5), (4, 2, 1.5)], [(2, 3, 1.5), (4, 3, 1.5)], [(2, 4, 1.5), (4, 4, 1.5)], [(2, 5, 1.5), (4, 5, 1.5)]], 26),
Course("133", [[(0, 0, 1.5), (2, 0, 1.5)], [(0, 1, 1.5), (2, 1, 1.5)], [(0, 2, 1.5), (2, 2, 1.5)], [(0, 3, 1.5), (2, 3, 1.5)], [(0, 4, 1.5), (2, 4, 1.5)], [(0, 5, 1.5), (2, 5, 1.5)], [(1, 0, 1.5), (3, 0, 1.5)], [(1, 1, 1.5), (3, 1, 1.5)], [(1, 2, 1.5), (3, 2, 1.5)], [(1, 3, 1.5), (3, 3, 1.5)], [(1, 4, 1.5), (3, 4, 1.5)], [(1, 5, 1.5), (3, 5, 1.5)], [(2, 0, 1.5), (4, 0, 1.5)], [(2, 1, 1.5), (4, 1, 1.5)], [(2, 2, 1.5), (4, 2, 1.5)], [(2, 3, 1.5), (4, 3, 1.5)], [(2, 4, 1.5), (4, 4, 1.5)], [(2, 5, 1.5), (4, 5, 1.5)]], 31),
Course("134", [[(0, 0, 1.5), (2, 0, 1.5)], [(0, 1, 1.5), (2, 1, 1.5)], [(0, 2, 1.5), (2, 2, 1.5)], [(0, 3, 1.5), (2, 3, 1.5)], [(0, 4, 1.5), (2, 4, 1.5)], [(0, 5, 1.5), (2, 5, 1.5)], [(1, 0, 1.5), (3, 0, 1.5)], [(1, 1, 1.5), (3, 1, 1.5)], [(1, 2, 1.5), (3, 2, 1.5)], [(1, 3, 1.5), (3, 3, 1.5)], [(1, 4, 1.5), (3, 4, 1.5)], [(1, 5, 1.5), (3, 5, 1.5)], [(2, 0, 1.5), (4, 0, 1.5)], [(2, 1, 1.5), (4, 1, 1.5)], [(2, 2, 1.5), (4, 2, 1.5)], [(2, 3, 1.5), (4, 3, 1.5)], [(2, 4, 1.5), (4, 4, 1.5)], [(2, 5, 1.5), (4, 5, 1.5)]], 44),
Course("135", [[(0, 0, 1.5), (2, 0, 1.5)], [(0, 1, 1.5), (2, 1, 1.5)], [(0, 2, 1.5), (2, 2, 1.5)], [(0, 3, 1.5), (2, 3, 1.5)], [(0, 4, 1.5), (2, 4, 1.5)], [(0, 5, 1.5), (2, 5, 1.5)], [(1, 0, 1.5), (3, 0, 1.5)], [(1, 1, 1.5), (3, 1, 1.5)], [(1, 2, 1.5), (3, 2, 1.5)], [(1, 3, 1.5), (3, 3, 1.5)], [(1, 4, 1.5), (3, 4, 1.5)], [(1, 5, 1.5), (3, 5, 1.5)], [(2, 0, 1.5), (4, 0, 1.5)], [(2, 1, 1.5), (4, 1, 1.5)], [(2, 2, 1.5), (4, 2, 1.5)], [(2, 3, 1.5), (4, 3, 1.5)], [(2, 4, 1.5), (4, 4, 1.5)], [(2, 5, 1.5), (4, 5, 1.5)]], 13),
Course("136", [[(0, 0, 3)], [(0, 1, 3)], [(0, 2, 3)], [(0, 3, 3)], [(0, 4, 3)], [(1, 0, 3)], [(1, 1, 3)], [(1, 2, 3)], [(1, 3, 3)], [(1, 4, 3)], [(2, 0, 3)], [(2, 1, 3)], [(2, 2, 3)], [(2, 3, 3)], [(2, 4, 3)], [(3, 0, 3)], [(3, 1, 3)], [(3, 2, 3)], [(3, 3, 3)], [(3, 4, 3)], [(4, 0, 3)], [(4, 1, 3)], [(4, 2, 3)], [(4, 3, 3)], [(4, 4, 3)]], 45),
Course("137", [[(0, 0, 3)], [(0, 1, 3)], [(0, 2, 3)], [(0, 3, 3)], [(0, 4, 3)], [(1, 0, 3)], [(1, 1, 3)], [(1, 2, 3)], [(1, 3, 3)], [(1, 4, 3)], [(2, 0, 3)], [(2, 1, 3)], [(2, 2, 3)], [(2, 3, 3)], [(2, 4, 3)], [(3, 0, 3)], [(3, 1, 3)], [(3, 2, 3)], [(3, 3, 3)], [(3, 4, 3)], [(4, 0, 3)], [(4, 1, 3)], [(4, 2, 3)], [(4, 3, 3)], [(4, 4, 3)]], 18),
Course("138", [[(0, 0, 3)], [(0, 1, 3)], [(0, 2, 3)], [(0, 3, 3)], [(0, 4, 3)], [(1, 0, 3)], [(1, 1, 3)], [(1, 2, 3)], [(1, 3, 3)], [(1, 4, 3)], [(2, 0, 3)], [(2, 1, 3)], [(2, 2, 3)], [(2, 3, 3)], [(2, 4, 3)], [(3, 0, 3)], [(3, 1, 3)], [(3, 2, 3)], [(3, 3, 3)], [(3, 4, 3)], [(4, 0, 3)], [(4, 1, 3)], [(4, 2, 3)], [(4, 3, 3)], [(4, 4, 3)]], 40),
Course("139", [[(0, 0, 3)], [(0, 1, 3)], [(0, 2, 3)], [(0, 3, 3)], [(0, 4, 3)], [(1, 0, 3)], [(1, 1, 3)], [(1, 2, 3)], [(1, 3, 3)], [(1, 4, 3)], [(2, 0, 3)], [(2, 1, 3)], [(2, 2, 3)], [(2, 3, 3)], [(2, 4, 3)], [(3, 0, 3)], [(3, 1, 3)], [(3, 2, 3)], [(3, 3, 3)], [(3, 4, 3)], [(4, 0, 3)], [(4, 1, 3)], [(4, 2, 3)], [(4, 3, 3)], [(4, 4, 3)]], 11),
Course("140", [[(0, 0, 3)], [(0, 1, 3)], [(0, 2, 3)], [(0, 3, 3)], [(0, 4, 3)], [(1, 0, 3)], [(1, 1, 3)], [(1, 2, 3)], [(1, 3, 3)], [(1, 4, 3)], [(2, 0, 3)], [(2, 1, 3)], [(2, 2, 3)], [(2, 3, 3)], [(2, 4, 3)], [(3, 0, 3)], [(3, 1, 3)], [(3, 2, 3)], [(3, 3, 3)], [(3, 4, 3)], [(4, 0, 3)], [(4, 1, 3)], [(4, 2, 3)], [(4, 3, 3)], [(4, 4, 3)]], 13),
Course("141", [[(0, 0, 3)], [(0, 1, 3)], [(0, 2, 3)], [(0, 3, 3)], [(0, 4, 3)], [(1, 0, 3)], [(1, 1, 3)], [(1, 2, 3)], [(1, 3, 3)], [(1, 4, 3)], [(2, 0, 3)], [(2, 1, 3)], [(2, 2, 3)], [(2, 3, 3)], [(2, 4, 3)], [(3, 0, 3)], [(3, 1, 3)], [(3, 2, 3)], [(3, 3, 3)], [(3, 4, 3)], [(4, 0, 3)], [(4, 1, 3)], [(4, 2, 3)], [(4, 3, 3)], [(4, 4, 3)]], 42),
Course("142", [[(0, 0, 3)], [(0, 1, 3)], [(0, 2, 3)], [(0, 3, 3)], [(0, 4, 3)], [(1, 0, 3)], [(1, 1, 3)], [(1, 2, 3)], [(1, 3, 3)], [(1, 4, 3)], [(2, 0, 3)], [(2, 1, 3)], [(2, 2, 3)], [(2, 3, 3)], [(2, 4, 3)], [(3, 0, 3)], [(3, 1, 3)], [(3, 2, 3)], [(3, 3, 3)], [(3, 4, 3)], [(4, 0, 3)], [(4, 1, 3)], [(4, 2, 3)], [(4, 3, 3)], [(4, 4, 3)]], 36),
Course("143", [[(0, 0, 3)], [(0, 1, 3)], [(0, 2, 3)], [(0, 3, 3)], [(0, 4, 3)], [(1, 0, 3)], [(1, 1, 3)], [(1, 2, 3)], [(1, 3, 3)], [(1, 4, 3)], [(2, 0, 3)], [(2, 1, 3)], [(2, 2, 3)], [(2, 3, 3)], [(2, 4, 3)], [(3, 0, 3)], [(3, 1, 3)], [(3, 2, 3)], [(3, 3, 3)], [(3, 4, 3)], [(4, 0, 3)], [(4, 1, 3)], [(4, 2, 3)], [(4, 3, 3)], [(4, 4, 3)]], 30),
Course("144", [[(0, 0, 3)], [(0, 1, 3)], [(0, 2, 3)], [(0, 3, 3)], [(0, 4, 3)], [(1, 0, 3)], [(1, 1, 3)], [(1, 2, 3)], [(1, 3, 3)], [(1, 4, 3)], [(2, 0, 3)], [(2, 1, 3)], [(2, 2, 3)], [(2, 3, 3)], [(2, 4, 3)], [(3, 0, 3)], [(3, 1, 3)], [(3, 2, 3)], [(3, 3, 3)], [(3, 4, 3)], [(4, 0, 3)], [(4, 1, 3)], [(4, 2, 3)], [(4, 3, 3)], [(4, 4, 3)]], 11),
Course("145", [[(0, 0, 3)], [(0, 1, 3)], [(0, 2, 3)], [(0, 3, 3)], [(0, 4, 3)], [(1, 0, 3)], [(1, 1, 3)], [(1, 2, 3)], [(1, 3, 3)], [(1, 4, 3)], [(2, 0, 3)], [(2, 1, 3)], [(2, 2, 3)], [(2, 3, 3)], [(2, 4, 3)], [(3, 0, 3)], [(3, 1, 3)], [(3, 2, 3)], [(3, 3, 3)], [(3, 4, 3)], [(4, 0, 3)], [(4, 1, 3)], [(4, 2, 3)], [(4, 3, 3)], [(4, 4, 3)]], 49),
Course("146", [[(0, 0, 3)], [(0, 1, 3)], [(0, 2, 3)], [(0, 3, 3)], [(0, 4, 3)], [(1, 0, 3)], [(1, 1, 3)], [(1, 2, 3)], [(1, 3, 3)], [(1, 4, 3)], [(2, 0, 3)], [(2, 1, 3)], [(2, 2, 3)], [(2, 3, 3)], [(2, 4, 3)], [(3, 0, 3)], [(3, 1, 3)], [(3, 2, 3)], [(3, 3, 3)], [(3, 4, 3)], [(4, 0, 3)], [(4, 1, 3)], [(4, 2, 3)], [(4, 3, 3)], [(4, 4, 3)]], 31),
Course("147", [[(0, 0, 3)], [(0, 1, 3)], [(0, 2, 3)], [(0, 3, 3)], [(0, 4, 3)], [(1, 0, 3)], [(1, 1, 3)], [(1, 2, 3)], [(1, 3, 3)], [(1, 4, 3)], [(2, 0, 3)], [(2, 1, 3)], [(2, 2, 3)], [(2, 3, 3)], [(2, 4, 3)], [(3, 0, 3)], [(3, 1, 3)], [(3, 2, 3)], [(3, 3, 3)], [(3, 4, 3)], [(4, 0, 3)], [(4, 1, 3)], [(4, 2, 3)], [(4, 3, 3)], [(4, 4, 3)]], 48),
Course("148", [[(0, 0, 3)], [(0, 1, 3)], [(0, 2, 3)], [(0, 3, 3)], [(0, 4, 3)], [(1, 0, 3)], [(1, 1, 3)], [(1, 2, 3)], [(1, 3, 3)], [(1, 4, 3)], [(2, 0, 3)], [(2, 1, 3)], [(2, 2, 3)], [(2, 3, 3)], [(2, 4, 3)], [(3, 0, 3)], [(3, 1, 3)], [(3, 2, 3)], [(3, 3, 3)], [(3, 4, 3)], [(4, 0, 3)], [(4, 1, 3)], [(4, 2, 3)], [(4, 3, 3)], [(4, 4, 3)]], 44),
Course("149", [[(0, 0, 3)], [(0, 1, 3)], [(0, 2, 3)], [(0, 3, 3)], [(0, 4, 3)], [(1, 0, 3)], [(1, 1, 3)], [(1, 2, 3)], [(1, 3, 3)], [(1, 4, 3)], [(2, 0, 3)], [(2, 1, 3)], [(2, 2, 3)], [(2, 3, 3)], [(2, 4, 3)], [(3, 0, 3)], [(3, 1, 3)], [(3, 2, 3)], [(3, 3, 3)], [(3, 4, 3)], [(4, 0, 3)], [(4, 1, 3)], [(4, 2, 3)], [(4, 3, 3)], [(4, 4, 3)]], 20),
Course("150", [[(0, 0, 3)], [(0, 1, 3)], [(0, 2, 3)], [(0, 3, 3)], [(0, 4, 3)], [(1, 0, 3)], [(1, 1, 3)], [(1, 2, 3)], [(1, 3, 3)], [(1, 4, 3)], [(2, 0, 3)], [(2, 1, 3)], [(2, 2, 3)], [(2, 3, 3)], [(2, 4, 3)], [(3, 0, 3)], [(3, 1, 3)], [(3, 2, 3)], [(3, 3, 3)], [(3, 4, 3)], [(4, 0, 3)], [(4, 1, 3)], [(4, 2, 3)], [(4, 3, 3)], [(4, 4, 3)]], 18),
Course("151", [[(0, 0, 3)], [(0, 1, 3)], [(0, 2, 3)], [(0, 3, 3)], [(0, 4, 3)], [(1, 0, 3)], [(1, 1, 3)], [(1, 2, 3)], [(1, 3, 3)], [(1, 4, 3)], [(2, 0, 3)], [(2, 1, 3)], [(2, 2, 3)], [(2, 3, 3)], [(2, 4, 3)], [(3, 0, 3)], [(3, 1, 3)], [(3, 2, 3)], [(3, 3, 3)], [(3, 4, 3)], [(4, 0, 3)], [(4, 1, 3)], [(4, 2, 3)], [(4, 3, 3)], [(4, 4, 3)]], 49),
Course("152", [[(0, 0, 3)], [(0, 1, 3)], [(0, 2, 3)], [(0, 3, 3)], [(0, 4, 3)], [(1, 0, 3)], [(1, 1, 3)], [(1, 2, 3)], [(1, 3, 3)], [(1, 4, 3)], [(2, 0, 3)], [(2, 1, 3)], [(2, 2, 3)], [(2, 3, 3)], [(2, 4, 3)], [(3, 0, 3)], [(3, 1, 3)], [(3, 2, 3)], [(3, 3, 3)], [(3, 4, 3)], [(4, 0, 3)], [(4, 1, 3)], [(4, 2, 3)], [(4, 3, 3)], [(4, 4, 3)]], 44),
Course("153", [[(0, 0, 3)], [(0, 1, 3)], [(0, 2, 3)], [(0, 3, 3)], [(0, 4, 3)], [(1, 0, 3)], [(1, 1, 3)], [(1, 2, 3)], [(1, 3, 3)], [(1, 4, 3)], [(2, 0, 3)], [(2, 1, 3)], [(2, 2, 3)], [(2, 3, 3)], [(2, 4, 3)], [(3, 0, 3)], [(3, 1, 3)], [(3, 2, 3)], [(3, 3, 3)], [(3, 4, 3)], [(4, 0, 3)], [(4, 1, 3)], [(4, 2, 3)], [(4, 3, 3)], [(4, 4, 3)]], 41),
Course("154", [[(0, 0, 3)], [(0, 1, 3)], [(0, 2, 3)], [(0, 3, 3)], [(0, 4, 3)], [(1, 0, 3)], [(1, 1, 3)], [(1, 2, 3)], [(1, 3, 3)], [(1, 4, 3)], [(2, 0, 3)], [(2, 1, 3)], [(2, 2, 3)], [(2, 3, 3)], [(2, 4, 3)], [(3, 0, 3)], [(3, 1, 3)], [(3, 2, 3)], [(3, 3, 3)], [(3, 4, 3)], [(4, 0, 3)], [(4, 1, 3)], [(4, 2, 3)], [(4, 3, 3)], [(4, 4, 3)]], 14),
Course("155", [[(0, 0, 3)], [(0, 1, 3)], [(0, 2, 3)], [(0, 3, 3)], [(0, 4, 3)], [(1, 0, 3)], [(1, 1, 3)], [(1, 2, 3)], [(1, 3, 3)], [(1, 4, 3)], [(2, 0, 3)], [(2, 1, 3)], [(2, 2, 3)], [(2, 3, 3)], [(2, 4, 3)], [(3, 0, 3)], [(3, 1, 3)], [(3, 2, 3)], [(3, 3, 3)], [(3, 4, 3)], [(4, 0, 3)], [(4, 1, 3)], [(4, 2, 3)], [(4, 3, 3)], [(4, 4, 3)]], 43),
Course("156", [[(0, 0, 3)], [(0, 1, 3)], [(0, 2, 3)], [(0, 3, 3)], [(0, 4, 3)], [(1, 0, 3)], [(1, 1, 3)], [(1, 2, 3)], [(1, 3, 3)], [(1, 4, 3)], [(2, 0, 3)], [(2, 1, 3)], [(2, 2, 3)], [(2, 3, 3)], [(2, 4, 3)], [(3, 0, 3)], [(3, 1, 3)], [(3, 2, 3)], [(3, 3, 3)], [(3, 4, 3)], [(4, 0, 3)], [(4, 1, 3)], [(4, 2, 3)], [(4, 3, 3)], [(4, 4, 3)]], 14),
Course("157", [[(0, 0, 3)], [(0, 1, 3)], [(0, 2, 3)], [(0, 3, 3)], [(0, 4, 3)], [(1, 0, 3)], [(1, 1, 3)], [(1, 2, 3)], [(1, 3, 3)], [(1, 4, 3)], [(2, 0, 3)], [(2, 1, 3)], [(2, 2, 3)], [(2, 3, 3)], [(2, 4, 3)], [(3, 0, 3)], [(3, 1, 3)], [(3, 2, 3)], [(3, 3, 3)], [(3, 4, 3)], [(4, 0, 3)], [(4, 1, 3)], [(4, 2, 3)], [(4, 3, 3)], [(4, 4, 3)]], 35),
Course("158", [[(0, 0, 3)], [(0, 1, 3)], [(0, 2, 3)], [(0, 3, 3)], [(0, 4, 3)], [(1, 0, 3)], [(1, 1, 3)], [(1, 2, 3)], [(1, 3, 3)], [(1, 4, 3)], [(2, 0, 3)], [(2, 1, 3)], [(2, 2, 3)], [(2, 3, 3)], [(2, 4, 3)], [(3, 0, 3)], [(3, 1, 3)], [(3, 2, 3)], [(3, 3, 3)], [(3, 4, 3)], [(4, 0, 3)], [(4, 1, 3)], [(4, 2, 3)], [(4, 3, 3)], [(4, 4, 3)]], 25),
Course("159", [[(0, 0, 3)], [(0, 1, 3)], [(0, 2, 3)], [(0, 3, 3)], [(0, 4, 3)], [(1, 0, 3)], [(1, 1, 3)], [(1, 2, 3)], [(1, 3, 3)], [(1, 4, 3)], [(2, 0, 3)], [(2, 1, 3)], [(2, 2, 3)], [(2, 3, 3)], [(2, 4, 3)], [(3, 0, 3)], [(3, 1, 3)], [(3, 2, 3)], [(3, 3, 3)], [(3, 4, 3)], [(4, 0, 3)], [(4, 1, 3)], [(4, 2, 3)], [(4, 3, 3)], [(4, 4, 3)]], 37),
Course("160", [[(0, 0, 3)], [(0, 1, 3)], [(0, 2, 3)], [(0, 3, 3)], [(0, 4, 3)], [(1, 0, 3)], [(1, 1, 3)], [(1, 2, 3)], [(1, 3, 3)], [(1, 4, 3)], [(2, 0, 3)], [(2, 1, 3)], [(2, 2, 3)], [(2, 3, 3)], [(2, 4, 3)], [(3, 0, 3)], [(3, 1, 3)], [(3, 2, 3)], [(3, 3, 3)], [(3, 4, 3)], [(4, 0, 3)], [(4, 1, 3)], [(4, 2, 3)], [(4, 3, 3)], [(4, 4, 3)]], 42),
Course("161", [[(0, 0, 3)], [(0, 1, 3)], [(0, 2, 3)], [(0, 3, 3)], [(0, 4, 3)], [(1, 0, 3)], [(1, 1, 3)], [(1, 2, 3)], [(1, 3, 3)], [(1, 4, 3)], [(2, 0, 3)], [(2, 1, 3)], [(2, 2, 3)], [(2, 3, 3)], [(2, 4, 3)], [(3, 0, 3)], [(3, 1, 3)], [(3, 2, 3)], [(3, 3, 3)], [(3, 4, 3)], [(4, 0, 3)], [(4, 1, 3)], [(4, 2, 3)], [(4, 3, 3)], [(4, 4, 3)]], 22),
Course("162", [[(0, 0, 3)], [(0, 1, 3)], [(0, 2, 3)], [(0, 3, 3)], [(0, 4, 3)], [(1, 0, 3)], [(1, 1, 3)], [(1, 2, 3)], [(1, 3, 3)], [(1, 4, 3)], [(2, 0, 3)], [(2, 1, 3)], [(2, 2, 3)], [(2, 3, 3)], [(2, 4, 3)], [(3, 0, 3)], [(3, 1, 3)], [(3, 2, 3)], [(3, 3, 3)], [(3, 4, 3)], [(4, 0, 3)], [(4, 1, 3)], [(4, 2, 3)], [(4, 3, 3)], [(4, 4, 3)]], 31),
Course("163", [[(0, 0, 3)], [(0, 1, 3)], [(0, 2, 3)], [(0, 3, 3)], [(0, 4, 3)], [(1, 0, 3)], [(1, 1, 3)], [(1, 2, 3)], [(1, 3, 3)], [(1, 4, 3)], [(2, 0, 3)], [(2, 1, 3)], [(2, 2, 3)], [(2, 3, 3)], [(2, 4, 3)], [(3, 0, 3)], [(3, 1, 3)], [(3, 2, 3)], [(3, 3, 3)], [(3, 4, 3)], [(4, 0, 3)], [(4, 1, 3)], [(4, 2, 3)], [(4, 3, 3)], [(4, 4, 3)]], 47),
Course("164", [[(0, 0, 3)], [(0, 1, 3)], [(0, 2, 3)], [(0, 3, 3)], [(0, 4, 3)], [(1, 0, 3)], [(1, 1, 3)], [(1, 2, 3)], [(1, 3, 3)], [(1, 4, 3)], [(2, 0, 3)], [(2, 1, 3)], [(2, 2, 3)], [(2, 3, 3)], [(2, 4, 3)], [(3, 0, 3)], [(3, 1, 3)], [(3, 2, 3)], [(3, 3, 3)], [(3, 4, 3)], [(4, 0, 3)], [(4, 1, 3)], [(4, 2, 3)], [(4, 3, 3)], [(4, 4, 3)]], 43),
Course("165", [[(0, 0, 3)], [(0, 1, 3)], [(0, 2, 3)], [(0, 3, 3)], [(0, 4, 3)], [(1, 0, 3)], [(1, 1, 3)], [(1, 2, 3)], [(1, 3, 3)], [(1, 4, 3)], [(2, 0, 3)], [(2, 1, 3)], [(2, 2, 3)], [(2, 3, 3)], [(2, 4, 3)], [(3, 0, 3)], [(3, 1, 3)], [(3, 2, 3)], [(3, 3, 3)], [(3, 4, 3)], [(4, 0, 3)], [(4, 1, 3)], [(4, 2, 3)], [(4, 3, 3)], [(4, 4, 3)]], 39),
Course("166", [[(0, 0, 3)], [(0, 1, 3)], [(0, 2, 3)], [(0, 3, 3)], [(0, 4, 3)], [(1, 0, 3)], [(1, 1, 3)], [(1, 2, 3)], [(1, 3, 3)], [(1, 4, 3)], [(2, 0, 3)], [(2, 1, 3)], [(2, 2, 3)], [(2, 3, 3)], [(2, 4, 3)], [(3, 0, 3)], [(3, 1, 3)], [(3, 2, 3)], [(3, 3, 3)], [(3, 4, 3)], [(4, 0, 3)], [(4, 1, 3)], [(4, 2, 3)], [(4, 3, 3)], [(4, 4, 3)]], 11),
Course("167", [[(0, 0, 3)], [(0, 1, 3)], [(0, 2, 3)], [(0, 3, 3)], [(0, 4, 3)], [(1, 0, 3)], [(1, 1, 3)], [(1, 2, 3)], [(1, 3, 3)], [(1, 4, 3)], [(2, 0, 3)], [(2, 1, 3)], [(2, 2, 3)], [(2, 3, 3)], [(2, 4, 3)], [(3, 0, 3)], [(3, 1, 3)], [(3, 2, 3)], [(3, 3, 3)], [(3, 4, 3)], [(4, 0, 3)], [(4, 1, 3)], [(4, 2, 3)], [(4, 3, 3)], [(4, 4, 3)]], 50),
Course("168", [[(0, 0, 3)], [(0, 1, 3)], [(0, 2, 3)], [(0, 3, 3)], [(0, 4, 3)], [(1, 0, 3)], [(1, 1, 3)], [(1, 2, 3)], [(1, 3, 3)], [(1, 4, 3)], [(2, 0, 3)], [(2, 1, 3)], [(2, 2, 3)], [(2, 3, 3)], [(2, 4, 3)], [(3, 0, 3)], [(3, 1, 3)], [(3, 2, 3)], [(3, 3, 3)], [(3, 4, 3)], [(4, 0, 3)], [(4, 1, 3)], [(4, 2, 3)], [(4, 3, 3)], [(4, 4, 3)]], 39),
Course("169", [[(0, 0, 3)], [(0, 1, 3)], [(0, 2, 3)], [(0, 3, 3)], [(0, 4, 3)], [(1, 0, 3)], [(1, 1, 3)], [(1, 2, 3)], [(1, 3, 3)], [(1, 4, 3)], [(2, 0, 3)], [(2, 1, 3)], [(2, 2, 3)], [(2, 3, 3)], [(2, 4, 3)], [(3, 0, 3)], [(3, 1, 3)], [(3, 2, 3)], [(3, 3, 3)], [(3, 4, 3)], [(4, 0, 3)], [(4, 1, 3)], [(4, 2, 3)], [(4, 3, 3)], [(4, 4, 3)]], 17),
Course("170", [[(0, 0, 3)], [(0, 1, 3)], [(0, 2, 3)], [(0, 3, 3)], [(0, 4, 3)], [(1, 0, 3)], [(1, 1, 3)], [(1, 2, 3)], [(1, 3, 3)], [(1, 4, 3)], [(2, 0, 3)], [(2, 1, 3)], [(2, 2, 3)], [(2, 3, 3)], [(2, 4, 3)], [(3, 0, 3)], [(3, 1, 3)], [(3, 2, 3)], [(3, 3, 3)], [(3, 4, 3)], [(4, 0, 3)], [(4, 1, 3)], [(4, 2, 3)], [(4, 3, 3)], [(4, 4, 3)]], 38),
Course("171", [[(0, 0, 3)], [(0, 1, 3)], [(0, 2, 3)], [(0, 3, 3)], [(0, 4, 3)], [(1, 0, 3)], [(1, 1, 3)], [(1, 2, 3)], [(1, 3, 3)], [(1, 4, 3)], [(2, 0, 3)], [(2, 1, 3)], [(2, 2, 3)], [(2, 3, 3)], [(2, 4, 3)], [(3, 0, 3)], [(3, 1, 3)], [(3, 2, 3)], [(3, 3, 3)], [(3, 4, 3)], [(4, 0, 3)], [(4, 1, 3)], [(4, 2, 3)], [(4, 3, 3)], [(4, 4, 3)]], 49),
Course("172", [[(0, 0, 3)], [(0, 1, 3)], [(0, 2, 3)], [(0, 3, 3)], [(0, 4, 3)], [(1, 0, 3)], [(1, 1, 3)], [(1, 2, 3)], [(1, 3, 3)], [(1, 4, 3)], [(2, 0, 3)], [(2, 1, 3)], [(2, 2, 3)], [(2, 3, 3)], [(2, 4, 3)], [(3, 0, 3)], [(3, 1, 3)], [(3, 2, 3)], [(3, 3, 3)], [(3, 4, 3)], [(4, 0, 3)], [(4, 1, 3)], [(4, 2, 3)], [(4, 3, 3)], [(4, 4, 3)]], 43),
Course("173", [[(0, 0, 3)], [(0, 1, 3)], [(0, 2, 3)], [(0, 3, 3)], [(0, 4, 3)], [(1, 0, 3)], [(1, 1, 3)], [(1, 2, 3)], [(1, 3, 3)], [(1, 4, 3)], [(2, 0, 3)], [(2, 1, 3)], [(2, 2, 3)], [(2, 3, 3)], [(2, 4, 3)], [(3, 0, 3)], [(3, 1, 3)], [(3, 2, 3)], [(3, 3, 3)], [(3, 4, 3)], [(4, 0, 3)], [(4, 1, 3)], [(4, 2, 3)], [(4, 3, 3)], [(4, 4, 3)]], 48),
Course("174", [[(0, 0, 3)], [(0, 1, 3)], [(0, 2, 3)], [(0, 3, 3)], [(0, 4, 3)], [(1, 0, 3)], [(1, 1, 3)], [(1, 2, 3)], [(1, 3, 3)], [(1, 4, 3)], [(2, 0, 3)], [(2, 1, 3)], [(2, 2, 3)], [(2, 3, 3)], [(2, 4, 3)], [(3, 0, 3)], [(3, 1, 3)], [(3, 2, 3)], [(3, 3, 3)], [(3, 4, 3)], [(4, 0, 3)], [(4, 1, 3)], [(4, 2, 3)], [(4, 3, 3)], [(4, 4, 3)]], 10),
Course("175", [[(0, 0, 3)], [(0, 1, 3)], [(0, 2, 3)], [(0, 3, 3)], [(0, 4, 3)], [(1, 0, 3)], [(1, 1, 3)], [(1, 2, 3)], [(1, 3, 3)], [(1, 4, 3)], [(2, 0, 3)], [(2, 1, 3)], [(2, 2, 3)], [(2, 3, 3)], [(2, 4, 3)], [(3, 0, 3)], [(3, 1, 3)], [(3, 2, 3)], [(3, 3, 3)], [(3, 4, 3)], [(4, 0, 3)], [(4, 1, 3)], [(4, 2, 3)], [(4, 3, 3)], [(4, 4, 3)]], 38),
Course("176", [[(0, 0, 3)], [(0, 1, 3)], [(0, 2, 3)], [(0, 3, 3)], [(0, 4, 3)], [(1, 0, 3)], [(1, 1, 3)], [(1, 2, 3)], [(1, 3, 3)], [(1, 4, 3)], [(2, 0, 3)], [(2, 1, 3)], [(2, 2, 3)], [(2, 3, 3)], [(2, 4, 3)], [(3, 0, 3)], [(3, 1, 3)], [(3, 2, 3)], [(3, 3, 3)], [(3, 4, 3)], [(4, 0, 3)], [(4, 1, 3)], [(4, 2, 3)], [(4, 3, 3)], [(4, 4, 3)]], 37),
Course("177", [[(0, 0, 3)], [(0, 1, 3)], [(0, 2, 3)], [(0, 3, 3)], [(0, 4, 3)], [(1, 0, 3)], [(1, 1, 3)], [(1, 2, 3)], [(1, 3, 3)], [(1, 4, 3)], [(2, 0, 3)], [(2, 1, 3)], [(2, 2, 3)], [(2, 3, 3)], [(2, 4, 3)], [(3, 0, 3)], [(3, 1, 3)], [(3, 2, 3)], [(3, 3, 3)], [(3, 4, 3)], [(4, 0, 3)], [(4, 1, 3)], [(4, 2, 3)], [(4, 3, 3)], [(4, 4, 3)]], 41),
Course("178", [[(0, 0, 3)], [(0, 1, 3)], [(0, 2, 3)], [(0, 3, 3)], [(0, 4, 3)], [(1, 0, 3)], [(1, 1, 3)], [(1, 2, 3)], [(1, 3, 3)], [(1, 4, 3)], [(2, 0, 3)], [(2, 1, 3)], [(2, 2, 3)], [(2, 3, 3)], [(2, 4, 3)], [(3, 0, 3)], [(3, 1, 3)], [(3, 2, 3)], [(3, 3, 3)], [(3, 4, 3)], [(4, 0, 3)], [(4, 1, 3)], [(4, 2, 3)], [(4, 3, 3)], [(4, 4, 3)]], 41),
Course("179", [[(0, 0, 3)], [(0, 1, 3)], [(0, 2, 3)], [(0, 3, 3)], [(0, 4, 3)], [(1, 0, 3)], [(1, 1, 3)], [(1, 2, 3)], [(1, 3, 3)], [(1, 4, 3)], [(2, 0, 3)], [(2, 1, 3)], [(2, 2, 3)], [(2, 3, 3)], [(2, 4, 3)], [(3, 0, 3)], [(3, 1, 3)], [(3, 2, 3)], [(3, 3, 3)], [(3, 4, 3)], [(4, 0, 3)], [(4, 1, 3)], [(4, 2, 3)], [(4, 3, 3)], [(4, 4, 3)]], 32),
Course("180", [[(0, 0, 3)], [(0, 1, 3)], [(0, 2, 3)], [(0, 3, 3)], [(0, 4, 3)], [(1, 0, 3)], [(1, 1, 3)], [(1, 2, 3)], [(1, 3, 3)], [(1, 4, 3)], [(2, 0, 3)], [(2, 1, 3)], [(2, 2, 3)], [(2, 3, 3)], [(2, 4, 3)], [(3, 0, 3)], [(3, 1, 3)], [(3, 2, 3)], [(3, 3, 3)], [(3, 4, 3)], [(4, 0, 3)], [(4, 1, 3)], [(4, 2, 3)], [(4, 3, 3)], [(4, 4, 3)]], 30),
Course("181", [[(0, 0, 3)], [(0, 1, 3)], [(0, 2, 3)], [(0, 3, 3)], [(0, 4, 3)], [(1, 0, 3)], [(1, 1, 3)], [(1, 2, 3)], [(1, 3, 3)], [(1, 4, 3)], [(2, 0, 3)], [(2, 1, 3)], [(2, 2, 3)], [(2, 3, 3)], [(2, 4, 3)], [(3, 0, 3)], [(3, 1, 3)], [(3, 2, 3)], [(3, 3, 3)], [(3, 4, 3)], [(4, 0, 3)], [(4, 1, 3)], [(4, 2, 3)], [(4, 3, 3)], [(4, 4, 3)]], 42),
Course("182", [[(0, 0, 3)], [(0, 1, 3)], [(0, 2, 3)], [(0, 3, 3)], [(0, 4, 3)], [(1, 0, 3)], [(1, 1, 3)], [(1, 2, 3)], [(1, 3, 3)], [(1, 4, 3)], [(2, 0, 3)], [(2, 1, 3)], [(2, 2, 3)], [(2, 3, 3)], [(2, 4, 3)], [(3, 0, 3)], [(3, 1, 3)], [(3, 2, 3)], [(3, 3, 3)], [(3, 4, 3)], [(4, 0, 3)], [(4, 1, 3)], [(4, 2, 3)], [(4, 3, 3)], [(4, 4, 3)]], 37),
Course("183", [[(0, 0, 3)], [(0, 1, 3)], [(0, 2, 3)], [(0, 3, 3)], [(0, 4, 3)], [(1, 0, 3)], [(1, 1, 3)], [(1, 2, 3)], [(1, 3, 3)], [(1, 4, 3)], [(2, 0, 3)], [(2, 1, 3)], [(2, 2, 3)], [(2, 3, 3)], [(2, 4, 3)], [(3, 0, 3)], [(3, 1, 3)], [(3, 2, 3)], [(3, 3, 3)], [(3, 4, 3)], [(4, 0, 3)], [(4, 1, 3)], [(4, 2, 3)], [(4, 3, 3)], [(4, 4, 3)]], 15),
Course("184", [[(0, 0, 3)], [(0, 1, 3)], [(0, 2, 3)], [(0, 3, 3)], [(0, 4, 3)], [(1, 0, 3)], [(1, 1, 3)], [(1, 2, 3)], [(1, 3, 3)], [(1, 4, 3)], [(2, 0, 3)], [(2, 1, 3)], [(2, 2, 3)], [(2, 3, 3)], [(2, 4, 3)], [(3, 0, 3)], [(3, 1, 3)], [(3, 2, 3)], [(3, 3, 3)], [(3, 4, 3)], [(4, 0, 3)], [(4, 1, 3)], [(4, 2, 3)], [(4, 3, 3)], [(4, 4, 3)]], 33),
Course("185", [[(0, 0, 3)], [(0, 1, 3)], [(0, 2, 3)], [(0, 3, 3)], [(0, 4, 3)], [(1, 0, 3)], [(1, 1, 3)], [(1, 2, 3)], [(1, 3, 3)], [(1, 4, 3)], [(2, 0, 3)], [(2, 1, 3)], [(2, 2, 3)], [(2, 3, 3)], [(2, 4, 3)], [(3, 0, 3)], [(3, 1, 3)], [(3, 2, 3)], [(3, 3, 3)], [(3, 4, 3)], [(4, 0, 3)], [(4, 1, 3)], [(4, 2, 3)], [(4, 3, 3)], [(4, 4, 3)]], 38),
Course("186", [[(0, 0, 3)], [(0, 1, 3)], [(0, 2, 3)], [(0, 3, 3)], [(0, 4, 3)], [(1, 0, 3)], [(1, 1, 3)], [(1, 2, 3)], [(1, 3, 3)], [(1, 4, 3)], [(2, 0, 3)], [(2, 1, 3)], [(2, 2, 3)], [(2, 3, 3)], [(2, 4, 3)], [(3, 0, 3)], [(3, 1, 3)], [(3, 2, 3)], [(3, 3, 3)], [(3, 4, 3)], [(4, 0, 3)], [(4, 1, 3)], [(4, 2, 3)], [(4, 3, 3)], [(4, 4, 3)]], 46),
Course("187", [[(0, 0, 3)], [(0, 1, 3)], [(0, 2, 3)], [(0, 3, 3)], [(0, 4, 3)], [(1, 0, 3)], [(1, 1, 3)], [(1, 2, 3)], [(1, 3, 3)], [(1, 4, 3)], [(2, 0, 3)], [(2, 1, 3)], [(2, 2, 3)], [(2, 3, 3)], [(2, 4, 3)], [(3, 0, 3)], [(3, 1, 3)], [(3, 2, 3)], [(3, 3, 3)], [(3, 4, 3)], [(4, 0, 3)], [(4, 1, 3)], [(4, 2, 3)], [(4, 3, 3)], [(4, 4, 3)]], 15),
Course("188", [[(0, 0, 3)], [(0, 1, 3)], [(0, 2, 3)], [(0, 3, 3)], [(0, 4, 3)], [(1, 0, 3)], [(1, 1, 3)], [(1, 2, 3)], [(1, 3, 3)], [(1, 4, 3)], [(2, 0, 3)], [(2, 1, 3)], [(2, 2, 3)], [(2, 3, 3)], [(2, 4, 3)], [(3, 0, 3)], [(3, 1, 3)], [(3, 2, 3)], [(3, 3, 3)], [(3, 4, 3)], [(4, 0, 3)], [(4, 1, 3)], [(4, 2, 3)], [(4, 3, 3)], [(4, 4, 3)]], 21),
Course("189", [[(0, 0, 3)], [(0, 1, 3)], [(0, 2, 3)], [(0, 3, 3)], [(0, 4, 3)], [(1, 0, 3)], [(1, 1, 3)], [(1, 2, 3)], [(1, 3, 3)], [(1, 4, 3)], [(2, 0, 3)], [(2, 1, 3)], [(2, 2, 3)], [(2, 3, 3)], [(2, 4, 3)], [(3, 0, 3)], [(3, 1, 3)], [(3, 2, 3)], [(3, 3, 3)], [(3, 4, 3)], [(4, 0, 3)], [(4, 1, 3)], [(4, 2, 3)], [(4, 3, 3)], [(4, 4, 3)]], 32),
Course("190", [[(0, 0, 3)], [(0, 1, 3)], [(0, 2, 3)], [(0, 3, 3)], [(0, 4, 3)], [(1, 0, 3)], [(1, 1, 3)], [(1, 2, 3)], [(1, 3, 3)], [(1, 4, 3)], [(2, 0, 3)], [(2, 1, 3)], [(2, 2, 3)], [(2, 3, 3)], [(2, 4, 3)], [(3, 0, 3)], [(3, 1, 3)], [(3, 2, 3)], [(3, 3, 3)], [(3, 4, 3)], [(4, 0, 3)], [(4, 1, 3)], [(4, 2, 3)], [(4, 3, 3)], [(4, 4, 3)]], 25),
Course("191", [[(0, 0, 3)], [(0, 1, 3)], [(0, 2, 3)], [(0, 3, 3)], [(0, 4, 3)], [(1, 0, 3)], [(1, 1, 3)], [(1, 2, 3)], [(1, 3, 3)], [(1, 4, 3)], [(2, 0, 3)], [(2, 1, 3)], [(2, 2, 3)], [(2, 3, 3)], [(2, 4, 3)], [(3, 0, 3)], [(3, 1, 3)], [(3, 2, 3)], [(3, 3, 3)], [(3, 4, 3)], [(4, 0, 3)], [(4, 1, 3)], [(4, 2, 3)], [(4, 3, 3)], [(4, 4, 3)]], 17),
Course("192", [[(0, 0, 3)], [(0, 1, 3)], [(0, 2, 3)], [(0, 3, 3)], [(0, 4, 3)], [(1, 0, 3)], [(1, 1, 3)], [(1, 2, 3)], [(1, 3, 3)], [(1, 4, 3)], [(2, 0, 3)], [(2, 1, 3)], [(2, 2, 3)], [(2, 3, 3)], [(2, 4, 3)], [(3, 0, 3)], [(3, 1, 3)], [(3, 2, 3)], [(3, 3, 3)], [(3, 4, 3)], [(4, 0, 3)], [(4, 1, 3)], [(4, 2, 3)], [(4, 3, 3)], [(4, 4, 3)]], 43),
Course("193", [[(0, 0, 3)], [(0, 1, 3)], [(0, 2, 3)], [(0, 3, 3)], [(0, 4, 3)], [(1, 0, 3)], [(1, 1, 3)], [(1, 2, 3)], [(1, 3, 3)], [(1, 4, 3)], [(2, 0, 3)], [(2, 1, 3)], [(2, 2, 3)], [(2, 3, 3)], [(2, 4, 3)], [(3, 0, 3)], [(3, 1, 3)], [(3, 2, 3)], [(3, 3, 3)], [(3, 4, 3)], [(4, 0, 3)], [(4, 1, 3)], [(4, 2, 3)], [(4, 3, 3)], [(4, 4, 3)]], 17),
Course("194", [[(0, 0, 3)], [(0, 1, 3)], [(0, 2, 3)], [(0, 3, 3)], [(0, 4, 3)], [(1, 0, 3)], [(1, 1, 3)], [(1, 2, 3)], [(1, 3, 3)], [(1, 4, 3)], [(2, 0, 3)], [(2, 1, 3)], [(2, 2, 3)], [(2, 3, 3)], [(2, 4, 3)], [(3, 0, 3)], [(3, 1, 3)], [(3, 2, 3)], [(3, 3, 3)], [(3, 4, 3)], [(4, 0, 3)], [(4, 1, 3)], [(4, 2, 3)], [(4, 3, 3)], [(4, 4, 3)]], 16),
Course("195", [[(0, 0, 3)], [(0, 1, 3)], [(0, 2, 3)], [(0, 3, 3)], [(0, 4, 3)], [(1, 0, 3)], [(1, 1, 3)], [(1, 2, 3)], [(1, 3, 3)], [(1, 4, 3)], [(2, 0, 3)], [(2, 1, 3)], [(2, 2, 3)], [(2, 3, 3)], [(2, 4, 3)], [(3, 0, 3)], [(3, 1, 3)], [(3, 2, 3)], [(3, 3, 3)], [(3, 4, 3)], [(4, 0, 3)], [(4, 1, 3)], [(4, 2, 3)], [(4, 3, 3)], [(4, 4, 3)]], 16),
Course("196", [[(0, 0, 3)], [(0, 1, 3)], [(0, 2, 3)], [(0, 3, 3)], [(0, 4, 3)], [(1, 0, 3)], [(1, 1, 3)], [(1, 2, 3)], [(1, 3, 3)], [(1, 4, 3)], [(2, 0, 3)], [(2, 1, 3)], [(2, 2, 3)], [(2, 3, 3)], [(2, 4, 3)], [(3, 0, 3)], [(3, 1, 3)], [(3, 2, 3)], [(3, 3, 3)], [(3, 4, 3)], [(4, 0, 3)], [(4, 1, 3)], [(4, 2, 3)], [(4, 3, 3)], [(4, 4, 3)]], 42),
Course("197", [[(0, 0, 3)], [(0, 1, 3)], [(0, 2, 3)], [(0, 3, 3)], [(0, 4, 3)], [(1, 0, 3)], [(1, 1, 3)], [(1, 2, 3)], [(1, 3, 3)], [(1, 4, 3)], [(2, 0, 3)], [(2, 1, 3)], [(2, 2, 3)], [(2, 3, 3)], [(2, 4, 3)], [(3, 0, 3)], [(3, 1, 3)], [(3, 2, 3)], [(3, 3, 3)], [(3, 4, 3)], [(4, 0, 3)], [(4, 1, 3)], [(4, 2, 3)], [(4, 3, 3)], [(4, 4, 3)]], 47),
Course("198", [[(0, 0, 3)], [(0, 1, 3)], [(0, 2, 3)], [(0, 3, 3)], [(0, 4, 3)], [(1, 0, 3)], [(1, 1, 3)], [(1, 2, 3)], [(1, 3, 3)], [(1, 4, 3)], [(2, 0, 3)], [(2, 1, 3)], [(2, 2, 3)], [(2, 3, 3)], [(2, 4, 3)], [(3, 0, 3)], [(3, 1, 3)], [(3, 2, 3)], [(3, 3, 3)], [(3, 4, 3)], [(4, 0, 3)], [(4, 1, 3)], [(4, 2, 3)], [(4, 3, 3)], [(4, 4, 3)]], 12),
Course("199", [[(0, 0, 3)], [(0, 1, 3)], [(0, 2, 3)], [(0, 3, 3)], [(0, 4, 3)], [(1, 0, 3)], [(1, 1, 3)], [(1, 2, 3)], [(1, 3, 3)], [(1, 4, 3)], [(2, 0, 3)], [(2, 1, 3)], [(2, 2, 3)], [(2, 3, 3)], [(2, 4, 3)], [(3, 0, 3)], [(3, 1, 3)], [(3, 2, 3)], [(3, 3, 3)], [(3, 4, 3)], [(4, 0, 3)], [(4, 1, 3)], [(4, 2, 3)], [(4, 3, 3)], [(4, 4, 3)]], 21),
Course("200", [[(0, 0, 3)], [(0, 1, 3)], [(0, 2, 3)], [(0, 3, 3)], [(0, 4, 3)], [(1, 0, 3)], [(1, 1, 3)], [(1, 2, 3)], [(1, 3, 3)], [(1, 4, 3)], [(2, 0, 3)], [(2, 1, 3)], [(2, 2, 3)], [(2, 3, 3)], [(2, 4, 3)], [(3, 0, 3)], [(3, 1, 3)], [(3, 2, 3)], [(3, 3, 3)], [(3, 4, 3)], [(4, 0, 3)], [(4, 1, 3)], [(4, 2, 3)], [(4, 3, 3)], [(4, 4, 3)]], 28),
Course("201", [[(0, 0, 3)], [(0, 1, 3)], [(0, 2, 3)], [(0, 3, 3)], [(0, 4, 3)], [(1, 0, 3)], [(1, 1, 3)], [(1, 2, 3)], [(1, 3, 3)], [(1, 4, 3)], [(2, 0, 3)], [(2, 1, 3)], [(2, 2, 3)], [(2, 3, 3)], [(2, 4, 3)], [(3, 0, 3)], [(3, 1, 3)], [(3, 2, 3)], [(3, 3, 3)], [(3, 4, 3)], [(4, 0, 3)], [(4, 1, 3)], [(4, 2, 3)], [(4, 3, 3)], [(4, 4, 3)]], 32),
Course("202", [[(0, 0, 3)], [(0, 1, 3)], [(0, 2, 3)], [(0, 3, 3)], [(0, 4, 3)], [(1, 0, 3)], [(1, 1, 3)], [(1, 2, 3)], [(1, 3, 3)], [(1, 4, 3)], [(2, 0, 3)], [(2, 1, 3)], [(2, 2, 3)], [(2, 3, 3)], [(2, 4, 3)], [(3, 0, 3)], [(3, 1, 3)], [(3, 2, 3)], [(3, 3, 3)], [(3, 4, 3)], [(4, 0, 3)], [(4, 1, 3)], [(4, 2, 3)], [(4, 3, 3)], [(4, 4, 3)]], 45),
Course("203", [[(0, 0, 3)], [(0, 1, 3)], [(0, 2, 3)], [(0, 3, 3)], [(0, 4, 3)], [(1, 0, 3)], [(1, 1, 3)], [(1, 2, 3)], [(1, 3, 3)], [(1, 4, 3)], [(2, 0, 3)], [(2, 1, 3)], [(2, 2, 3)], [(2, 3, 3)], [(2, 4, 3)], [(3, 0, 3)], [(3, 1, 3)], [(3, 2, 3)], [(3, 3, 3)], [(3, 4, 3)], [(4, 0, 3)], [(4, 1, 3)], [(4, 2, 3)], [(4, 3, 3)], [(4, 4, 3)]], 49),
Course("204", [[(0, 0, 3)], [(0, 1, 3)], [(0, 2, 3)], [(0, 3, 3)], [(0, 4, 3)], [(1, 0, 3)], [(1, 1, 3)], [(1, 2, 3)], [(1, 3, 3)], [(1, 4, 3)], [(2, 0, 3)], [(2, 1, 3)], [(2, 2, 3)], [(2, 3, 3)], [(2, 4, 3)], [(3, 0, 3)], [(3, 1, 3)], [(3, 2, 3)], [(3, 3, 3)], [(3, 4, 3)], [(4, 0, 3)], [(4, 1, 3)], [(4, 2, 3)], [(4, 3, 3)], [(4, 4, 3)]], 28),
Course("205", [[(0, 0, 3)], [(0, 1, 3)], [(0, 2, 3)], [(0, 3, 3)], [(0, 4, 3)], [(1, 0, 3)], [(1, 1, 3)], [(1, 2, 3)], [(1, 3, 3)], [(1, 4, 3)], [(2, 0, 3)], [(2, 1, 3)], [(2, 2, 3)], [(2, 3, 3)], [(2, 4, 3)], [(3, 0, 3)], [(3, 1, 3)], [(3, 2, 3)], [(3, 3, 3)], [(3, 4, 3)], [(4, 0, 3)], [(4, 1, 3)], [(4, 2, 3)], [(4, 3, 3)], [(4, 4, 3)]], 13),
Course("206", [[(0, 0, 3)], [(0, 1, 3)], [(0, 2, 3)], [(0, 3, 3)], [(0, 4, 3)], [(1, 0, 3)], [(1, 1, 3)], [(1, 2, 3)], [(1, 3, 3)], [(1, 4, 3)], [(2, 0, 3)], [(2, 1, 3)], [(2, 2, 3)], [(2, 3, 3)], [(2, 4, 3)], [(3, 0, 3)], [(3, 1, 3)], [(3, 2, 3)], [(3, 3, 3)], [(3, 4, 3)], [(4, 0, 3)], [(4, 1, 3)], [(4, 2, 3)], [(4, 3, 3)], [(4, 4, 3)]], 28),
Course("207", [[(0, 0, 3)], [(0, 1, 3)], [(0, 2, 3)], [(0, 3, 3)], [(0, 4, 3)], [(1, 0, 3)], [(1, 1, 3)], [(1, 2, 3)], [(1, 3, 3)], [(1, 4, 3)], [(2, 0, 3)], [(2, 1, 3)], [(2, 2, 3)], [(2, 3, 3)], [(2, 4, 3)], [(3, 0, 3)], [(3, 1, 3)], [(3, 2, 3)], [(3, 3, 3)], [(3, 4, 3)], [(4, 0, 3)], [(4, 1, 3)], [(4, 2, 3)], [(4, 3, 3)], [(4, 4, 3)]], 28),
Course("208", [[(0, 0, 3)], [(0, 1, 3)], [(0, 2, 3)], [(0, 3, 3)], [(0, 4, 3)], [(1, 0, 3)], [(1, 1, 3)], [(1, 2, 3)], [(1, 3, 3)], [(1, 4, 3)], [(2, 0, 3)], [(2, 1, 3)], [(2, 2, 3)], [(2, 3, 3)], [(2, 4, 3)], [(3, 0, 3)], [(3, 1, 3)], [(3, 2, 3)], [(3, 3, 3)], [(3, 4, 3)], [(4, 0, 3)], [(4, 1, 3)], [(4, 2, 3)], [(4, 3, 3)], [(4, 4, 3)]], 25),
Course("209", [[(0, 0, 3)], [(0, 1, 3)], [(0, 2, 3)], [(0, 3, 3)], [(0, 4, 3)], [(1, 0, 3)], [(1, 1, 3)], [(1, 2, 3)], [(1, 3, 3)], [(1, 4, 3)], [(2, 0, 3)], [(2, 1, 3)], [(2, 2, 3)], [(2, 3, 3)], [(2, 4, 3)], [(3, 0, 3)], [(3, 1, 3)], [(3, 2, 3)], [(3, 3, 3)], [(3, 4, 3)], [(4, 0, 3)], [(4, 1, 3)], [(4, 2, 3)], [(4, 3, 3)], [(4, 4, 3)]], 13),
Course("210", [[(0, 0, 3)], [(0, 1, 3)], [(0, 2, 3)], [(0, 3, 3)], [(0, 4, 3)], [(1, 0, 3)], [(1, 1, 3)], [(1, 2, 3)], [(1, 3, 3)], [(1, 4, 3)], [(2, 0, 3)], [(2, 1, 3)], [(2, 2, 3)], [(2, 3, 3)], [(2, 4, 3)], [(3, 0, 3)], [(3, 1, 3)], [(3, 2, 3)], [(3, 3, 3)], [(3, 4, 3)], [(4, 0, 3)], [(4, 1, 3)], [(4, 2, 3)], [(4, 3, 3)], [(4, 4, 3)]], 43),
Course("211", [[(0, 0, 3)], [(0, 1, 3)], [(0, 2, 3)], [(0, 3, 3)], [(0, 4, 3)], [(1, 0, 3)], [(1, 1, 3)], [(1, 2, 3)], [(1, 3, 3)], [(1, 4, 3)], [(2, 0, 3)], [(2, 1, 3)], [(2, 2, 3)], [(2, 3, 3)], [(2, 4, 3)], [(3, 0, 3)], [(3, 1, 3)], [(3, 2, 3)], [(3, 3, 3)], [(3, 4, 3)], [(4, 0, 3)], [(4, 1, 3)], [(4, 2, 3)], [(4, 3, 3)], [(4, 4, 3)]], 38),
Course("212", [[(0, 0, 3)], [(0, 1, 3)], [(0, 2, 3)], [(0, 3, 3)], [(0, 4, 3)], [(1, 0, 3)], [(1, 1, 3)], [(1, 2, 3)], [(1, 3, 3)], [(1, 4, 3)], [(2, 0, 3)], [(2, 1, 3)], [(2, 2, 3)], [(2, 3, 3)], [(2, 4, 3)], [(3, 0, 3)], [(3, 1, 3)], [(3, 2, 3)], [(3, 3, 3)], [(3, 4, 3)], [(4, 0, 3)], [(4, 1, 3)], [(4, 2, 3)], [(4, 3, 3)], [(4, 4, 3)]], 33),
Course("213", [[(0, 0, 3)], [(0, 1, 3)], [(0, 2, 3)], [(0, 3, 3)], [(0, 4, 3)], [(1, 0, 3)], [(1, 1, 3)], [(1, 2, 3)], [(1, 3, 3)], [(1, 4, 3)], [(2, 0, 3)], [(2, 1, 3)], [(2, 2, 3)], [(2, 3, 3)], [(2, 4, 3)], [(3, 0, 3)], [(3, 1, 3)], [(3, 2, 3)], [(3, 3, 3)], [(3, 4, 3)], [(4, 0, 3)], [(4, 1, 3)], [(4, 2, 3)], [(4, 3, 3)], [(4, 4, 3)]], 46),
Course("214", [[(0, 0, 3)], [(0, 1, 3)], [(0, 2, 3)], [(0, 3, 3)], [(0, 4, 3)], [(1, 0, 3)], [(1, 1, 3)], [(1, 2, 3)], [(1, 3, 3)], [(1, 4, 3)], [(2, 0, 3)], [(2, 1, 3)], [(2, 2, 3)], [(2, 3, 3)], [(2, 4, 3)], [(3, 0, 3)], [(3, 1, 3)], [(3, 2, 3)], [(3, 3, 3)], [(3, 4, 3)], [(4, 0, 3)], [(4, 1, 3)], [(4, 2, 3)], [(4, 3, 3)], [(4, 4, 3)]], 25),
Course("215", [[(0, 0, 3)], [(0, 1, 3)], [(0, 2, 3)], [(0, 3, 3)], [(0, 4, 3)], [(1, 0, 3)], [(1, 1, 3)], [(1, 2, 3)], [(1, 3, 3)], [(1, 4, 3)], [(2, 0, 3)], [(2, 1, 3)], [(2, 2, 3)], [(2, 3, 3)], [(2, 4, 3)], [(3, 0, 3)], [(3, 1, 3)], [(3, 2, 3)], [(3, 3, 3)], [(3, 4, 3)], [(4, 0, 3)], [(4, 1, 3)], [(4, 2, 3)], [(4, 3, 3)], [(4, 4, 3)]], 43),
Course("216", [[(0, 0, 3)], [(0, 1, 3)], [(0, 2, 3)], [(0, 3, 3)], [(0, 4, 3)], [(1, 0, 3)], [(1, 1, 3)], [(1, 2, 3)], [(1, 3, 3)], [(1, 4, 3)], [(2, 0, 3)], [(2, 1, 3)], [(2, 2, 3)], [(2, 3, 3)], [(2, 4, 3)], [(3, 0, 3)], [(3, 1, 3)], [(3, 2, 3)], [(3, 3, 3)], [(3, 4, 3)], [(4, 0, 3)], [(4, 1, 3)], [(4, 2, 3)], [(4, 3, 3)], [(4, 4, 3)]], 28),
Course("217", [[(0, 0, 3)], [(0, 1, 3)], [(0, 2, 3)], [(0, 3, 3)], [(0, 4, 3)], [(1, 0, 3)], [(1, 1, 3)], [(1, 2, 3)], [(1, 3, 3)], [(1, 4, 3)], [(2, 0, 3)], [(2, 1, 3)], [(2, 2, 3)], [(2, 3, 3)], [(2, 4, 3)], [(3, 0, 3)], [(3, 1, 3)], [(3, 2, 3)], [(3, 3, 3)], [(3, 4, 3)], [(4, 0, 3)], [(4, 1, 3)], [(4, 2, 3)], [(4, 3, 3)], [(4, 4, 3)]], 43),
Course("218", [[(0, 0, 3)], [(0, 1, 3)], [(0, 2, 3)], [(0, 3, 3)], [(0, 4, 3)], [(1, 0, 3)], [(1, 1, 3)], [(1, 2, 3)], [(1, 3, 3)], [(1, 4, 3)], [(2, 0, 3)], [(2, 1, 3)], [(2, 2, 3)], [(2, 3, 3)], [(2, 4, 3)], [(3, 0, 3)], [(3, 1, 3)], [(3, 2, 3)], [(3, 3, 3)], [(3, 4, 3)], [(4, 0, 3)], [(4, 1, 3)], [(4, 2, 3)], [(4, 3, 3)], [(4, 4, 3)]], 16),
Course("219", [[(0, 0, 3)], [(0, 1, 3)], [(0, 2, 3)], [(0, 3, 3)], [(0, 4, 3)], [(1, 0, 3)], [(1, 1, 3)], [(1, 2, 3)], [(1, 3, 3)], [(1, 4, 3)], [(2, 0, 3)], [(2, 1, 3)], [(2, 2, 3)], [(2, 3, 3)], [(2, 4, 3)], [(3, 0, 3)], [(3, 1, 3)], [(3, 2, 3)], [(3, 3, 3)], [(3, 4, 3)], [(4, 0, 3)], [(4, 1, 3)], [(4, 2, 3)], [(4, 3, 3)], [(4, 4, 3)]], 27),
Course("220", [[(0, 0, 3)], [(0, 1, 3)], [(0, 2, 3)], [(0, 3, 3)], [(0, 4, 3)], [(1, 0, 3)], [(1, 1, 3)], [(1, 2, 3)], [(1, 3, 3)], [(1, 4, 3)], [(2, 0, 3)], [(2, 1, 3)], [(2, 2, 3)], [(2, 3, 3)], [(2, 4, 3)], [(3, 0, 3)], [(3, 1, 3)], [(3, 2, 3)], [(3, 3, 3)], [(3, 4, 3)], [(4, 0, 3)], [(4, 1, 3)], [(4, 2, 3)], [(4, 3, 3)], [(4, 4, 3)]], 12),
Course("221", [[(0, 0, 3)], [(0, 1, 3)], [(0, 2, 3)], [(0, 3, 3)], [(0, 4, 3)], [(1, 0, 3)], [(1, 1, 3)], [(1, 2, 3)], [(1, 3, 3)], [(1, 4, 3)], [(2, 0, 3)], [(2, 1, 3)], [(2, 2, 3)], [(2, 3, 3)], [(2, 4, 3)], [(3, 0, 3)], [(3, 1, 3)], [(3, 2, 3)], [(3, 3, 3)], [(3, 4, 3)], [(4, 0, 3)], [(4, 1, 3)], [(4, 2, 3)], [(4, 3, 3)], [(4, 4, 3)]], 10),
Course("222", [[(0, 0, 3)], [(0, 1, 3)], [(0, 2, 3)], [(0, 3, 3)], [(0, 4, 3)], [(1, 0, 3)], [(1, 1, 3)], [(1, 2, 3)], [(1, 3, 3)], [(1, 4, 3)], [(2, 0, 3)], [(2, 1, 3)], [(2, 2, 3)], [(2, 3, 3)], [(2, 4, 3)], [(3, 0, 3)], [(3, 1, 3)], [(3, 2, 3)], [(3, 3, 3)], [(3, 4, 3)], [(4, 0, 3)], [(4, 1, 3)], [(4, 2, 3)], [(4, 3, 3)], [(4, 4, 3)]], 50),
Course("223", [[(0, 0, 3)], [(0, 1, 3)], [(0, 2, 3)], [(0, 3, 3)], [(0, 4, 3)], [(1, 0, 3)], [(1, 1, 3)], [(1, 2, 3)], [(1, 3, 3)], [(1, 4, 3)], [(2, 0, 3)], [(2, 1, 3)], [(2, 2, 3)], [(2, 3, 3)], [(2, 4, 3)], [(3, 0, 3)], [(3, 1, 3)], [(3, 2, 3)], [(3, 3, 3)], [(3, 4, 3)], [(4, 0, 3)], [(4, 1, 3)], [(4, 2, 3)], [(4, 3, 3)], [(4, 4, 3)]], 43),
Course("224", [[(0, 0, 3)], [(0, 1, 3)], [(0, 2, 3)], [(0, 3, 3)], [(0, 4, 3)], [(1, 0, 3)], [(1, 1, 3)], [(1, 2, 3)], [(1, 3, 3)], [(1, 4, 3)], [(2, 0, 3)], [(2, 1, 3)], [(2, 2, 3)], [(2, 3, 3)], [(2, 4, 3)], [(3, 0, 3)], [(3, 1, 3)], [(3, 2, 3)], [(3, 3, 3)], [(3, 4, 3)], [(4, 0, 3)], [(4, 1, 3)], [(4, 2, 3)], [(4, 3, 3)], [(4, 4, 3)]], 29),
Course("225", [[(0, 0, 3)], [(0, 1, 3)], [(0, 2, 3)], [(0, 3, 3)], [(0, 4, 3)], [(1, 0, 3)], [(1, 1, 3)], [(1, 2, 3)], [(1, 3, 3)], [(1, 4, 3)], [(2, 0, 3)], [(2, 1, 3)], [(2, 2, 3)], [(2, 3, 3)], [(2, 4, 3)], [(3, 0, 3)], [(3, 1, 3)], [(3, 2, 3)], [(3, 3, 3)], [(3, 4, 3)], [(4, 0, 3)], [(4, 1, 3)], [(4, 2, 3)], [(4, 3, 3)], [(4, 4, 3)]], 32),
Course("226", [[(0, 0, 3)], [(0, 1, 3)], [(0, 2, 3)], [(0, 3, 3)], [(0, 4, 3)], [(1, 0, 3)], [(1, 1, 3)], [(1, 2, 3)], [(1, 3, 3)], [(1, 4, 3)], [(2, 0, 3)], [(2, 1, 3)], [(2, 2, 3)], [(2, 3, 3)], [(2, 4, 3)], [(3, 0, 3)], [(3, 1, 3)], [(3, 2, 3)], [(3, 3, 3)], [(3, 4, 3)], [(4, 0, 3)], [(4, 1, 3)], [(4, 2, 3)], [(4, 3, 3)], [(4, 4, 3)]], 12),
Course("227", [[(0, 0, 3)], [(0, 1, 3)], [(0, 2, 3)], [(0, 3, 3)], [(0, 4, 3)], [(1, 0, 3)], [(1, 1, 3)], [(1, 2, 3)], [(1, 3, 3)], [(1, 4, 3)], [(2, 0, 3)], [(2, 1, 3)], [(2, 2, 3)], [(2, 3, 3)], [(2, 4, 3)], [(3, 0, 3)], [(3, 1, 3)], [(3, 2, 3)], [(3, 3, 3)], [(3, 4, 3)], [(4, 0, 3)], [(4, 1, 3)], [(4, 2, 3)], [(4, 3, 3)], [(4, 4, 3)]], 45),
Course("228", [[(0, 0, 3)], [(0, 1, 3)], [(0, 2, 3)], [(0, 3, 3)], [(0, 4, 3)], [(1, 0, 3)], [(1, 1, 3)], [(1, 2, 3)], [(1, 3, 3)], [(1, 4, 3)], [(2, 0, 3)], [(2, 1, 3)], [(2, 2, 3)], [(2, 3, 3)], [(2, 4, 3)], [(3, 0, 3)], [(3, 1, 3)], [(3, 2, 3)], [(3, 3, 3)], [(3, 4, 3)], [(4, 0, 3)], [(4, 1, 3)], [(4, 2, 3)], [(4, 3, 3)], [(4, 4, 3)]], 46),
Course("229", [[(0, 0, 3)], [(0, 1, 3)], [(0, 2, 3)], [(0, 3, 3)], [(0, 4, 3)], [(1, 0, 3)], [(1, 1, 3)], [(1, 2, 3)], [(1, 3, 3)], [(1, 4, 3)], [(2, 0, 3)], [(2, 1, 3)], [(2, 2, 3)], [(2, 3, 3)], [(2, 4, 3)], [(3, 0, 3)], [(3, 1, 3)], [(3, 2, 3)], [(3, 3, 3)], [(3, 4, 3)], [(4, 0, 3)], [(4, 1, 3)], [(4, 2, 3)], [(4, 3, 3)], [(4, 4, 3)]], 38),
Course("230", [[(0, 0, 3)], [(0, 1, 3)], [(0, 2, 3)], [(0, 3, 3)], [(0, 4, 3)], [(1, 0, 3)], [(1, 1, 3)], [(1, 2, 3)], [(1, 3, 3)], [(1, 4, 3)], [(2, 0, 3)], [(2, 1, 3)], [(2, 2, 3)], [(2, 3, 3)], [(2, 4, 3)], [(3, 0, 3)], [(3, 1, 3)], [(3, 2, 3)], [(3, 3, 3)], [(3, 4, 3)], [(4, 0, 3)], [(4, 1, 3)], [(4, 2, 3)], [(4, 3, 3)], [(4, 4, 3)]], 50),
Course("231", [[(0, 0, 3)], [(0, 1, 3)], [(0, 2, 3)], [(0, 3, 3)], [(0, 4, 3)], [(1, 0, 3)], [(1, 1, 3)], [(1, 2, 3)], [(1, 3, 3)], [(1, 4, 3)], [(2, 0, 3)], [(2, 1, 3)], [(2, 2, 3)], [(2, 3, 3)], [(2, 4, 3)], [(3, 0, 3)], [(3, 1, 3)], [(3, 2, 3)], [(3, 3, 3)], [(3, 4, 3)], [(4, 0, 3)], [(4, 1, 3)], [(4, 2, 3)], [(4, 3, 3)], [(4, 4, 3)]], 32),
Course("232", [[(0, 0, 3)], [(0, 1, 3)], [(0, 2, 3)], [(0, 3, 3)], [(0, 4, 3)], [(1, 0, 3)], [(1, 1, 3)], [(1, 2, 3)], [(1, 3, 3)], [(1, 4, 3)], [(2, 0, 3)], [(2, 1, 3)], [(2, 2, 3)], [(2, 3, 3)], [(2, 4, 3)], [(3, 0, 3)], [(3, 1, 3)], [(3, 2, 3)], [(3, 3, 3)], [(3, 4, 3)], [(4, 0, 3)], [(4, 1, 3)], [(4, 2, 3)], [(4, 3, 3)], [(4, 4, 3)]], 45),
Course("233", [[(0, 0, 3)], [(0, 1, 3)], [(0, 2, 3)], [(0, 3, 3)], [(0, 4, 3)], [(1, 0, 3)], [(1, 1, 3)], [(1, 2, 3)], [(1, 3, 3)], [(1, 4, 3)], [(2, 0, 3)], [(2, 1, 3)], [(2, 2, 3)], [(2, 3, 3)], [(2, 4, 3)], [(3, 0, 3)], [(3, 1, 3)], [(3, 2, 3)], [(3, 3, 3)], [(3, 4, 3)], [(4, 0, 3)], [(4, 1, 3)], [(4, 2, 3)], [(4, 3, 3)], [(4, 4, 3)]], 17),
Course("234", [[(0, 0, 3)], [(0, 1, 3)], [(0, 2, 3)], [(0, 3, 3)], [(0, 4, 3)], [(1, 0, 3)], [(1, 1, 3)], [(1, 2, 3)], [(1, 3, 3)], [(1, 4, 3)], [(2, 0, 3)], [(2, 1, 3)], [(2, 2, 3)], [(2, 3, 3)], [(2, 4, 3)], [(3, 0, 3)], [(3, 1, 3)], [(3, 2, 3)], [(3, 3, 3)], [(3, 4, 3)], [(4, 0, 3)], [(4, 1, 3)], [(4, 2, 3)], [(4, 3, 3)], [(4, 4, 3)]], 22),
Course("235", [[(0, 0, 3)], [(0, 1, 3)], [(0, 2, 3)], [(0, 3, 3)], [(0, 4, 3)], [(1, 0, 3)], [(1, 1, 3)], [(1, 2, 3)], [(1, 3, 3)], [(1, 4, 3)], [(2, 0, 3)], [(2, 1, 3)], [(2, 2, 3)], [(2, 3, 3)], [(2, 4, 3)], [(3, 0, 3)], [(3, 1, 3)], [(3, 2, 3)], [(3, 3, 3)], [(3, 4, 3)], [(4, 0, 3)], [(4, 1, 3)], [(4, 2, 3)], [(4, 3, 3)], [(4, 4, 3)]], 30),
Course("236", [[(0, 0, 3)], [(0, 1, 3)], [(0, 2, 3)], [(0, 3, 3)], [(0, 4, 3)], [(1, 0, 3)], [(1, 1, 3)], [(1, 2, 3)], [(1, 3, 3)], [(1, 4, 3)], [(2, 0, 3)], [(2, 1, 3)], [(2, 2, 3)], [(2, 3, 3)], [(2, 4, 3)], [(3, 0, 3)], [(3, 1, 3)], [(3, 2, 3)], [(3, 3, 3)], [(3, 4, 3)], [(4, 0, 3)], [(4, 1, 3)], [(4, 2, 3)], [(4, 3, 3)], [(4, 4, 3)]], 13),
Course("237", [[(0, 0, 3)], [(0, 1, 3)], [(0, 2, 3)], [(0, 3, 3)], [(0, 4, 3)], [(1, 0, 3)], [(1, 1, 3)], [(1, 2, 3)], [(1, 3, 3)], [(1, 4, 3)], [(2, 0, 3)], [(2, 1, 3)], [(2, 2, 3)], [(2, 3, 3)], [(2, 4, 3)], [(3, 0, 3)], [(3, 1, 3)], [(3, 2, 3)], [(3, 3, 3)], [(3, 4, 3)], [(4, 0, 3)], [(4, 1, 3)], [(4, 2, 3)], [(4, 3, 3)], [(4, 4, 3)]], 36),
Course("238", [[(0, 0, 3)], [(0, 1, 3)], [(0, 2, 3)], [(0, 3, 3)], [(0, 4, 3)], [(1, 0, 3)], [(1, 1, 3)], [(1, 2, 3)], [(1, 3, 3)], [(1, 4, 3)], [(2, 0, 3)], [(2, 1, 3)], [(2, 2, 3)], [(2, 3, 3)], [(2, 4, 3)], [(3, 0, 3)], [(3, 1, 3)], [(3, 2, 3)], [(3, 3, 3)], [(3, 4, 3)], [(4, 0, 3)], [(4, 1, 3)], [(4, 2, 3)], [(4, 3, 3)], [(4, 4, 3)]], 13),
Course("239", [[(0, 0, 3)], [(0, 1, 3)], [(0, 2, 3)], [(0, 3, 3)], [(0, 4, 3)], [(1, 0, 3)], [(1, 1, 3)], [(1, 2, 3)], [(1, 3, 3)], [(1, 4, 3)], [(2, 0, 3)], [(2, 1, 3)], [(2, 2, 3)], [(2, 3, 3)], [(2, 4, 3)], [(3, 0, 3)], [(3, 1, 3)], [(3, 2, 3)], [(3, 3, 3)], [(3, 4, 3)], [(4, 0, 3)], [(4, 1, 3)], [(4, 2, 3)], [(4, 3, 3)], [(4, 4, 3)]], 49),
Course("240", [[(0, 0, 3)], [(0, 1, 3)], [(0, 2, 3)], [(0, 3, 3)], [(0, 4, 3)], [(1, 0, 3)], [(1, 1, 3)], [(1, 2, 3)], [(1, 3, 3)], [(1, 4, 3)], [(2, 0, 3)], [(2, 1, 3)], [(2, 2, 3)], [(2, 3, 3)], [(2, 4, 3)], [(3, 0, 3)], [(3, 1, 3)], [(3, 2, 3)], [(3, 3, 3)], [(3, 4, 3)], [(4, 0, 3)], [(4, 1, 3)], [(4, 2, 3)], [(4, 3, 3)], [(4, 4, 3)]], 24),
Course("241", [[(0, 0, 3)], [(0, 1, 3)], [(0, 2, 3)], [(0, 3, 3)], [(0, 4, 3)], [(1, 0, 3)], [(1, 1, 3)], [(1, 2, 3)], [(1, 3, 3)], [(1, 4, 3)], [(2, 0, 3)], [(2, 1, 3)], [(2, 2, 3)], [(2, 3, 3)], [(2, 4, 3)], [(3, 0, 3)], [(3, 1, 3)], [(3, 2, 3)], [(3, 3, 3)], [(3, 4, 3)], [(4, 0, 3)], [(4, 1, 3)], [(4, 2, 3)], [(4, 3, 3)], [(4, 4, 3)]], 43),
Course("242", [[(0, 0, 3)], [(0, 1, 3)], [(0, 2, 3)], [(0, 3, 3)], [(0, 4, 3)], [(1, 0, 3)], [(1, 1, 3)], [(1, 2, 3)], [(1, 3, 3)], [(1, 4, 3)], [(2, 0, 3)], [(2, 1, 3)], [(2, 2, 3)], [(2, 3, 3)], [(2, 4, 3)], [(3, 0, 3)], [(3, 1, 3)], [(3, 2, 3)], [(3, 3, 3)], [(3, 4, 3)], [(4, 0, 3)], [(4, 1, 3)], [(4, 2, 3)], [(4, 3, 3)], [(4, 4, 3)]], 36),
Course("243", [[(0, 0, 3)], [(0, 1, 3)], [(0, 2, 3)], [(0, 3, 3)], [(0, 4, 3)], [(1, 0, 3)], [(1, 1, 3)], [(1, 2, 3)], [(1, 3, 3)], [(1, 4, 3)], [(2, 0, 3)], [(2, 1, 3)], [(2, 2, 3)], [(2, 3, 3)], [(2, 4, 3)], [(3, 0, 3)], [(3, 1, 3)], [(3, 2, 3)], [(3, 3, 3)], [(3, 4, 3)], [(4, 0, 3)], [(4, 1, 3)], [(4, 2, 3)], [(4, 3, 3)], [(4, 4, 3)]], 47),
Course("244", [[(0, 0, 3)], [(0, 1, 3)], [(0, 2, 3)], [(0, 3, 3)], [(0, 4, 3)], [(1, 0, 3)], [(1, 1, 3)], [(1, 2, 3)], [(1, 3, 3)], [(1, 4, 3)], [(2, 0, 3)], [(2, 1, 3)], [(2, 2, 3)], [(2, 3, 3)], [(2, 4, 3)], [(3, 0, 3)], [(3, 1, 3)], [(3, 2, 3)], [(3, 3, 3)], [(3, 4, 3)], [(4, 0, 3)], [(4, 1, 3)], [(4, 2, 3)], [(4, 3, 3)], [(4, 4, 3)]], 34),
Course("245", [[(0, 0, 3)], [(0, 1, 3)], [(0, 2, 3)], [(0, 3, 3)], [(0, 4, 3)], [(1, 0, 3)], [(1, 1, 3)], [(1, 2, 3)], [(1, 3, 3)], [(1, 4, 3)], [(2, 0, 3)], [(2, 1, 3)], [(2, 2, 3)], [(2, 3, 3)], [(2, 4, 3)], [(3, 0, 3)], [(3, 1, 3)], [(3, 2, 3)], [(3, 3, 3)], [(3, 4, 3)], [(4, 0, 3)], [(4, 1, 3)], [(4, 2, 3)], [(4, 3, 3)], [(4, 4, 3)]], 41),
Course("246", [[(0, 0, 3)], [(0, 1, 3)], [(0, 2, 3)], [(0, 3, 3)], [(0, 4, 3)], [(1, 0, 3)], [(1, 1, 3)], [(1, 2, 3)], [(1, 3, 3)], [(1, 4, 3)], [(2, 0, 3)], [(2, 1, 3)], [(2, 2, 3)], [(2, 3, 3)], [(2, 4, 3)], [(3, 0, 3)], [(3, 1, 3)], [(3, 2, 3)], [(3, 3, 3)], [(3, 4, 3)], [(4, 0, 3)], [(4, 1, 3)], [(4, 2, 3)], [(4, 3, 3)], [(4, 4, 3)]], 27),
